10 4.008876440000038
20 4.31154944000038
30 4.37942623999981
40 4.341723590000051
50 4.6711099100001965
60 4.784754390000012
70 4.548638040000062
80 4.602757749999656
90 4.588997749999621
100 4.581577239999766
200 4.683136000000115
300 4.7840403899997614
400 4.542873509999639
500 4.822649189999721
600 4.713377749999399
700 4.886234790000592
800 4.518905439999616
900 4.530079000000155
1000 4.507665559999497
2000 4.665515040000213
3000 4.625142039999883
4000 4.694057560000059
5000 4.547041560000424
6000 4.551255839999782
7000 4.942508389999803
8000 4.750264960000809
9000 4.63782591000002
10000 4.914107749999921
